1    2    3    5    9    7    11    12    13    14    15    16    17    18    19    20    21    22    23    24    25    26    1000    0    1026
1    1    1001    1001    1001    1001    1001    1001    1001    1001    1001    1001    1001    1001    1001    1001    1001    1001    1001    1001    1001    1001    1001    1001    1001
1002    3    1002    1002    1002    1002    1002    1002    1002    1002    1002    1002    1002    1002    1002    1002    1002    1002    1002    1002    1002    1002    1002    1002    1002
1003    1003    1003    1003    5    1003    1003    1003    1003    1003    1003    1003    1003    1003    1003    1003    1003    1003    1003    1003    1003    1003    1003    1003    1003
1004    1004    1004    1004    1004    1004    1004    1004    1004    1004    1004    1004    1004    1004    1004    1004    1004    1004    1004    1004    1004    1004    1004    1004    1004
1005    1005    1005    1005    7    1005    1005    1005    1005    1005    1005    1005    1005    1005    1005    1005    1005    1005    1005    1005    1005    1005    1005    1005    1005
1006    1006    1006    1006    1006    1006    1006    1006    1006    1006    1006    1006    1006    1006    1006    1006    1006    1006    1006    1006    1006    1006    1006    1006    1006
-1    -1    -1    -1    9    -1    -1    -1    -1    -1    -1    -1    -1    -1    -1    -1    -1    -1    -1    -1    -1    -1    -1    -1    -1
1007    1007    1007    1007    1007    1007    1007    1007    1007    1007    1007    1007    1007    1007    1007    1007    1007    1007    1007    1007    1007    1007    1007    1007    1007
1008    1008    1008    1008    11    1008    1008    1008    1008    1008    1008    1008    1008    1008    1008    1008    1008    1008    1008    1008    1008    1008    1008    1008    1008
1009    1009    1009    1009    1009    1009    1009    1009    1009    1009    1009    1009    1009    1009    1009    1009    1009    1009    1009    1009    1009    1009    1009    1009    1009
1010    1010    1010    1010    1010    1010    1010    1010    1010    1010    1010    1010    1010    1010    1010    1010    1010    1010    1010    1010    1010    1010    1010    1010    1010
1011    1011    1011    1011    1011    1011    1011    1011    1011    1011    1011    1011    1011    1011    1011    1011    1011    1011    1011    1011    1011    1011    1011    1011    1011
1012    1012    1012    1012    1012    1012    1012    1012    1012    1012    1012    1012    1012    1012    1012    1012    1012    1012    1012    1012    1012    1012    1012    1012    1012
1013    1013    1013    1013    1013    1013    1013    1013    1013    1013    1013    1013    1013    1013    1013    1013    1013    1013    1013    1013    1013    1013    1013    1013    1013
1014    1014    1014    1014    1014    1014    1014    1014    1014    1014    1014    1014    1014    1014    1014    1014    1014    1014    1014    1014    1014    1014    1014    1014    1014
1015    1015    1015    1015    1015    1015    1015    1015    1015    1015    1015    1015    1015    1015    1015    1015    1015    1015    1015    1015    1015    1015    1015    1015    1015
1016    1016    1016    1016    1016    1016    1016    1016    1016    1016    1016    1016    1016    1016    1016    1016    1016    1016    1016    1016    1016    1016    1016    1016    1016
1017    1017    1017    1017    1017    1017    1017    1017    1017    1017    1017    1017    1017    1017    1017    1017    1017    1017    1017    1017    1017    1017    1017    1017    1017
1018    1018    1018    1018    1018    1018    1018    1018    1018    1018    1018    1018    1018    1018    1018    1018    1018    1018    1018    1018    1018    1018    1018    1018    1018
1019    1019    1019    1019    1019    1019    1019    1019    1019    1019    1019    1019    1019    1019    1019    1019    1019    1019    1019    1019    1019    1019    1019    1019    1019
1020    1020    1020    1020    1020    1020    1020    1020    1020    1020    1020    1020    1020    1020    1020    1020    1020    1020    1020    1020    1020    1020    1020    1020    1020
1021    1021    1021    1021    1021    1021    1021    1021    1021    1021    1021    1021    1021    1021    1021    1021    1021    1021    1021    1021    1021    1021    1021    1021    1021
1022    1022    1022    1022    1022    1022    1022    1022    1022    1022    1022    1022    1022    1022    1022    1022    1022    1022    1022    1022    1022    1022    1022    1022    1022
1023    1023    1023    1023    1023    1023    1023    1023    1023    1023    1023    1023    1023    1023    1023    1023    1023    1023    1023    1023    1023    1023    1023    1023    1023
1024    1024    1024    1024    1024    1024    1024    1024    1024    1024    1024    1024    1024    1024    1024    1024    1024    1024    1024    1024    1024    1024    1024    1024    1024
1025    1025    1025    1025    1025    1025    1025    1025    1025    1025    1025    1025    1025    1025    1025    1025    1025    1025    1025    1025    1025    1025    1025    1025    1025
